11.882
81.127
49.747
70.979
104.571
69.282
18.517
80.080
43.324
17.351
133.763
53.206
12.508
75.430
117.281
73.745
81.606
54.210
43.657
84.836
42.210
53.019
28.935
22.581
39.264
2.466
59.943
54.098
48.360
-39.903
29.569
59.970
64.768
57.168
48.509
-14.132
63.575
44.755
69.408
73.950
46.559
63.012
36.594
37.102
34.705
11.865
59.343
99.410
26.859
29.939
78.915
51.580
111.651
-18.042
8.650
19.452
137.057
67.264
32.249
50.450
45.265
64.668
50.274
62.269
60.535
46.531
48.295
51.919
38.009
46.421
48.658
34.651
64.063
33.024
39.339
32.457
65.982
39.794
24.113
62.198
71.628
60.084
52.080
37.107
38.716
68.444
67.261
40.880
62.092
53.257
44.398
37.520
54.303
22.717
26.404
80.235
48.920
89.434
46.350
52.599
63.848
47.322
42.174
71.479
36.948
62.113
42.340
61.153
62.718
37.551
57.995
65.493
34.220
55.432
49.448
31.585
45.874
47.593
33.746
20.68733.74647.59345.87431.58549.44855.43234.2265.49357.99537.55162.71861.15342.3462.11336.94871.47942.17447.32263.84852.59946.3589.43448.9280.23526.40422.71754.30337.5244.39853.25762.09240.8867.26168.44438.71637.10752.0860.08471.62862.19824.11339.79465.98232.45739.33933.02464.06334.65148.65846.42138.00951.91948.29546.53160.53562.26950.27464.66845.26550.4532.24967.264137.05719.4528.65-18.042111.65151.5878.91529.93926.85999.4159.34311.86534.70537.10236.59463.01246.55973.9569.40844.75563.575-14.13248.50957.16864.76859.9729.569-39.90348.3654.09859.9432.46639.26422.58128.93553.01942.2184.83643.65754.2181.60673.745117.28175.4312.50853.206133.76317.35143.32480.0818.51769.282104.57170.97949.74781.12711.882