65.374
51.401
31.372
45.458
43.479
51.033
47.794
47.210
42.663
49.355
35.560
56.123
36.765
43.384
48.539
52.481
49.234
67.382
66.220
56.264
50.918
41.924
45.387
35.940
46.255
45.291
67.513
57.532
50.650
47.072
50.828
57.662
72.368
53.269
58.633
56.794
55.548
60.016
62.594
50.442
46.859
52.267
59.967
62.159
44.573
59.122
48.279
46.640
55.415
59.321
44.297
35.014
49.497
55.530
50.835
65.775
46.692
57.952
42.152
37.369
56.667
36.074
36.994
43.950
35.114
55.585
47.226
37.063
41.116
20.404
47.851
-22.438
29.170
8.258
59.889
67.956
54.415
46.957
-29.049
50.842
23.711
42.036
40.173
15.253
67.402
57.193
39.473
76.763
97.349
16.755
49.222
16.681
72.525
65.005
34.482
33.224
27.399
77.774
42.544
45.505
12.248
59.379
130.708
58.691
7.316
57.404
6.927
54.457
-0.792
71.576
84.253
96.558
91.509
27.257
63.280
77.333
17.777
56.053
72.886
11.35472.88656.05317.77777.33363.2827.25791.50996.55884.25371.576-0.79254.4576.92757.4047.31658.691130.70859.37912.24845.50542.54477.77427.39933.22434.48265.00572.52516.68149.22216.75597.34976.76339.47357.19367.40215.25340.17342.03623.71150.842-29.04946.95754.41567.95659.8898.25829.17-22.43847.85120.40441.11637.06347.22655.58535.11443.9536.99436.07456.66737.36942.15257.95246.69265.77550.83555.5349.49735.01444.29759.32155.41546.6448.27959.12244.57362.15959.96752.26746.85950.44262.59460.01655.54856.79458.63353.26972.36857.66250.82847.07250.6557.53267.51345.29146.25535.9445.38741.92450.91856.26466.2267.38249.23452.48148.53943.38436.76556.12335.5649.35542.66347.2147.79451.03343.47945.45831.37251.40165.374