113.257
106.363
119.401
109.814
149.034
105.127
107.992
111.024
113.046
107.572
128.801
127.951
113.578
115.923
131.716
134.742
123.929
117.595
117.318
119.931
128.720
99.644
111.388
112.171
137.357
125.677
124.232
130.621
135.108
124.358
113.439
106.243
122.773
131.722
104.747
123.198
105.589
100.226
139.666
97.036
110.221
99.873
129.094
92.952
124.607
118.291
131.845
104.056
116.103
112.468
107.473
137.930
97.485
119.644
126.019
132.166
136.538
124.300
127.066
104.044
126.038
117.656
110.049
119.748
121.319
123.998
103.799
131.440
115.994
122.687
122.419
123.902
137.056
137.964
110.181
140.210
119.048
126.065
113.780
92.637
113.506
105.559
136.595
119.625
90.067
109.013
107.748
128.465
125.441
116.504
125.116
113.340
119.317
109.138
138.403
121.966
132.706
119.141
147.978
117.602
134.607
133.696
124.023
109.233
107.556
114.465
120.828
127.435
130.181
108.431
